3 0.46015625 0.33125 0.02265625 0.03125
5 0.35546875 0.5265625 0.03359375 0.021875
5 0.38984375 0.55703125 0.04375 0.02578125
5 0.453125 0.5203125 0.0265625 0.028125
5 0.4828125 0.4890625 0.034375 0.02734375
5 0.48828125 0.45703125 0.034375 0.015625
5 0.56015625 0.4859375 0.03671875 0.0203125
5 0.40859375 0.61484375 0.040625 0.03125
5 0.45625 0.60859375 0.03515625 0.02734375
5 0.4609375 0.6828125 0.03359375 0.02734375
5 0.8078125 0.53515625 0.0359375 0.02578125
5 0.81796875 0.32578125 0.034375 0.02734375
5 0.853125 0.3140625 0.03359375 0.02421875
5 0.92421875 0.41015625 0.0140625 0.0234375