3 0.5301692893250965 0.6451008510589554 0.03234113855894449 0.038045470779006864
5 0.5993752450519421 0.4135411595009419 0.04153428213245362 0.031959112012708776
5 0.5570657245979709 0.39163493182207626 0.05265363855894432 0.03840002678536125
5 0.49773017702611105 0.4449878027632389 0.035420674452321776 0.03653751785690744
5 0.47313334230723275 0.48524065584749393 0.043278638558944316 0.03823638555165907
5 0.47445414990822243 0.5203559955390684 0.03978992570596294 0.02568183847375849
5 0.3927866127612039 0.5092878563339612 0.04305131802583091 0.03042388555165907
5 0.5243501644896987 0.3352036996789837 0.05122753087881229 0.04306025324641087
5 0.4753443631569153 0.3555804293864443 0.04484113855894449 0.03826365909060954
5 0.455719836434738 0.278618508931749 0.043278638558944316 0.038236385551659244
5 0.1214655422280905 0.5218323153418453 0.04479567445232169 0.03670115909060954
5 0.1548761211409811 0.7422305900986116 0.04327863855894436 0.03823638555165907
5 0.12064587364826358 0.7646919711860439 0.043142246239076296 0.033548885551659066
5 0.02542195335257701 0.6828028173704401 0.02113085391920826 0.028479556006354302