5 0.3094171508183067 0.08489417405661026 0.1655406983633867 0.16978834811322052
5 0.25069937132939396 0.2408904583006349 0.32846233901489236 0.2873996777510269
5 0.4049305143431522 0.29415654763836685 0.2687401094333124 0.23103000580598768
5 0.6601462931990928 0.2492686303121811 0.24494051088459123 0.2646775801000249
5 0.6940103725105203 0.3075979558598595 0.22121532340579578 0.3451546902874393
5 0.42824647405446636 0.3863524078257813 0.216230179126093 0.157700154394062
5 0.4230207715147284 0.4465995860390266 0.19257442431676958 0.15076819279472176
5 0.16692948422126735 0.5836068072052782 0.27564487386128267 0.24996186223247854
5 0.2728000275051782 0.5243334441148699 0.19290678493120836 0.2943818004748536
5 0.3873536008261559 0.5069520643314143 0.1607292019915838 0.26691001834239997
5 0.5835639127143881 0.542607104843645 0.17631450725639403 0.17683058762187223
5 0.6778223442027339 0.5476690263929729 0.17426591233587008 0.29696123119538154
5 0.8714979331328083 0.5888610130651377 0.22186510943331222 0.22966608260730723
5 0.7577156861280331 0.6288531787419707 0.17001492195451676 0.30932483887551354
5 0.43952619211848293 0.7114744282797524 0.21625002649368774 0.2029671902874391
5 0.5310862095416781 0.7267607959890141 0.15049605172143127 0.1526656619159093
5 0.6629364102673174 0.7057543110327089 0.13907245680090713 0.27252352084968245
5 0.6718749006486706 0.717981526392973 0.22513395317271012 0.18917747492717538
5 0.42994037179273004 0.7624829988128659 0.29235616950744614 0.14742789561857314
5 0.3129686374018267 0.8267621106496328 0.28910717313564327 0.23318353919208262
5 0.2836506704341185 0.9064412504622184 0.20400299763774726 0.16514894154108078
5 0.497060895206375 0.8518433640148452 0.2565823606144388 0.15106972116625172