3 0.4757203520448615 0.3524466813459689 0.03012385200509069 0.03888271753501131
5 0.3302640434038604 0.5346319809744654 0.04097044533736342 0.03157963978475227
5 0.36117823607572375 0.5743323358130297 0.05196248933799978 0.03677656203449331
5 0.4350879034054512 0.5512266296505579 0.033212489337999786 0.03590326674922295
5 0.4730509800684059 0.5256658575246513 0.04104317067154532 0.03782963978475227
5 0.4836066720639517 0.49336277977439236 0.039317038669636165 0.023694365177646403
5 0.5552094994032241 0.5404240243977089 0.04251476400381797 0.03008991439185813
5 0.3705356020846325 0.6403575961521119 0.048910214672181596 0.04288101282028158
5 0.4229066240849507 0.645139295490158 0.042605670671545325 0.03790241439185813
5 0.4152310314289956 0.7236452851510758 0.04104317067154532 0.03782963978475227
5 0.8102702640833599 0.6514686480524107 0.04256930800445424 0.03477741439185813
5 0.8576976053866794 0.43270368547979815 0.04104317067154532 0.03782963978475227
5 0.8966873800524976 0.42827305065744453 0.040988626670908704 0.033142139784752445
5 0.9550640487348605 0.5465543238168084 0.02062158267027243 0.02750856989237622