3 0.5756380929656416 0.7597673110735075 0.03082410266556703 0.03975348423243048
5 0.7151539193712497 0.5639307470532993 0.04148881802583091 0.030633057370694418
5 0.681227548758994 0.5248857776385074 0.05256271034569906 0.03557513050895835
5 0.607091366784825 0.5528276332618407 0.03381271034569906 0.03513871941479181
5 0.569673934810656 0.5816241272779171 0.043233174452321776 0.03691942496187508
5 0.560517895156355 0.6157627379352435 0.039698997492717505 0.02278418977951393
5 0.4842676322242312 0.5710483435585768 0.044522889812585474 0.027580792553055743
5 0.6675311101209074 0.45664427070465335 0.051182066772189574 0.04178876291777769
5 0.6144061101209074 0.45540777260451437 0.043233174452321776 0.03691942496187508
5 0.6174879945232167 0.37350380917364634 0.041670674452321775 0.036883057370694416
5 0.21598298198680435 0.4734596030578821 0.044704746239076255 0.033830792553055565
5 0.17965199155371575 0.7005844943004169 0.041670674452321685 0.036883057370694416
5 0.13927704414014053 0.7082326869297223 0.04153428213245362 0.03219555737069442
5 0.07258598614343945 0.5895722994869097 0.019568353919208258 0.02856141109416672