3 0.5650591892902748 0.3138786092950191 0.026980670671545325 0.03609203610435348
5 0.6562728932606852 0.5313019377502421 0.03937158267027243 0.02678975897699054
5 0.6160927885900944 0.5604399919067724 0.04880112667090888 0.03153180113146803
5 0.5525393659293669 0.5170626966290367 0.031613626670908876 0.03143180718159222
5 0.5240603772676848 0.4805121182720097 0.03944430800445424 0.03303975897699054
5 0.5221166166056846 0.446150753810629 0.03773635733609062 0.020530668617910842
5 0.4421473059357302 0.47083311212368956 0.04091590133672725 0.025236349336070062
5 0.589602466581822 0.621527482831586 0.04731135200509069 0.03777271077238851
5 0.5397297359166402 0.6108808743221338 0.04100680800445424 0.033048849336070066
5 0.527101919239368 0.689074052015231 0.03944430800445442 0.03303975897699054
5 0.1722797012651395 0.5013074490649235 0.04098862667090888 0.031486349336070064
5 0.18348247262891082 0.2770387020899857 0.03944430800445433 0.03303975897699045
5 0.147735876631138 0.26084153034881685 0.039389764003817974 0.028352258976990452
5 0.062242724618093145 0.35742615973911623 0.017496582670272563 0.02666249394987581