5 0.3050005177944971 0.09842049917143048 0.16918503460041112 0.17163105913900917
5 0.26721796939110265 0.2619714228689135 0.3397123933073793 0.29965766749223005
5 0.43956781326932315 0.319903855043452 0.2780453814443812 0.24064223242220742
5 0.7020240509120335 0.27364540094789486 0.2530108893530468 0.2769050641014079
5 0.7474439802655175 0.3358029526433059 0.22376374113993247 0.362876797352185
5 0.4778583335352783 0.4175986463997809 0.22498936562705046 0.16331344499482014
5 0.48124993037924824 0.48169753370333374 0.20129719764227277 0.15597182588823202
5 0.23214787999868744 0.626048885441526 0.28512305239490826 0.26124583085063086
5 0.3348471156642314 0.5629924214211715 0.19659906326932308 0.30858740363849113
5 0.45342336072131556 0.5451221788647695 0.16276789133021285 0.2820591368892682
5 0.667133033649009 0.5847070254311661 0.18219437056996632 0.18471325599585597
5 0.7671967006452034 0.5909271002859411 0.1764775642579064 0.3123288337461151
5 0.9323654669196447 0.6335984054960088 0.1352690661607106 0.23532968610347993
5 0.8650704679454089 0.6773612140158455 0.17229940022746143 0.3246105099247975
5 0.5394894891999472 0.7627870219165095 0.22377437551288218 0.21004289578060842
5 0.6392175751695023 0.7799082094677314 0.15623936562705049 0.16011136228216233
5 0.7763846527361004 0.7590050121965998 0.13958505931499054 0.28721751778268045
5 0.7877996552075583 0.7712331844463408 0.2325763725471326 0.1964170434232436
5 0.5385928340667508 0.8173289727022978 0.30560269566510634 0.15147272456432467
5 0.4235845993897901 0.8814394757024804 0.2999840484405755 0.23712104859503924
5 0.4037296972223433 0.941305704300445 0.20840936068413446 0.11738859139911
5 0.6235355198460255 0.9117382522718025 0.26829369665368963 0.15441363399378433