5 0.4172353126155546 0.09111336262818989 0.19052937476889084 0.16322272868809906
5 0.33310670203242876 0.21455321113712178 0.364098570070895 0.33375785220334864
5 0.4712539082214926 0.3038012307331631 0.2966550058059877 0.26934835972519594
5 0.7232794094751339 0.3220811839527261 0.28184835972519584 0.2970187186589691
5 0.7448301490502927 0.38760689555206634 0.27304767273646213 0.3701379699126104
5 0.4762930977175091 0.3993410512662765 0.23505226458147632 0.19105822367353414
5 0.4605484257724699 0.45674437430667236 0.21129651583511766 0.179438762074194
5 0.18952522044133585 0.5270495479675713 0.30818353919208263 0.2899791084715549
5 0.3022441807870348 0.49592523159109286 0.23712689311129082 0.3160127595669113
5 0.41453959230723275 0.506229897267926 0.2018426109788372 0.28376254922121247
5 0.5966413869760987 0.5897196618494023 0.19943301332783517 0.20095004922121246
5 0.6857577112701359 0.6173338479802065 0.21993939311129082 0.31551265439406195
5 0.856876541832379 0.702067863815324 0.23691629295300629 0.25512072367353406
5 0.7477826866595295 0.7160956084050477 0.21864967775102712 0.32484219028743944
5 0.4271292058598594 0.7184942165473981 0.2425297954602888 0.2334275801000249
5 0.5120664955141605 0.7553697424116457 0.17209762351524951 0.17361465940862697
5 0.6430664429277357 0.7677824773679507 0.1815755750854599 0.28473401583511765
5 0.6489299980214429 0.7812455837944415 0.24685358260730722 0.2210639724198929
5 0.40935903266117907 0.76489184342786 0.30541022868809903 0.1946666084715547
5 0.28558891204892334 0.7996041610579795 0.31714936223247847 0.2761893931112908
5 0.24106001055785525 0.8788453801791671 0.22948422618081663 0.21431386724704354
5 0.4579663657307048 0.8679546589464084 0.27098976458147633 0.19210389812585582