5 0.29602956799013685 0.06378313306502523 0.16869655068427197 0.12756626613005045
5 0.2584102946371832 0.2050341406133218 0.3425351347071799 0.31422958974197107
5 0.42825007996500164 0.23772670843878335 0.28090674403245297 0.2520163800648426
5 0.6900148306413193 0.15447959905210518 0.25632491470399826 0.2867894863511489
5 0.7338824619669106 0.20943677274958822 0.23076238804899774 0.3714898180303493
5 0.46700294995227487 0.329620955957584 0.22690904002227175 0.17454204342324342
5 0.47016376527691167 0.39350151943981937 0.20181813335454457 0.16556514970954977
5 0.22289677192077634 0.572895882755439 0.2889737827020893 0.2742552531003719
5 0.3252956132638668 0.4962905332935582 0.2004567227084527 0.31698210049533804
5 0.44126605860123025 0.4612177123677248 0.16731695870463453 0.28732883374611495
5 0.6543382232654577 0.4692527284977753 0.184939716024817 0.1913271290313853
5 0.7536024265993213 0.4607252909465533 0.1817430853755436 0.3192338052100677
5 0.921280275262594 0.4779020206826736 0.14802151869827113 0.23958053846084476
5 0.8511490412555945 0.5327029906988843 0.1771828547103617 0.3299529813887503
5 0.5279104412396862 0.6648820597626909 0.22589198002863498 0.22134426881613756
5 0.6270382845719589 0.668073372211469 0.1581044960216353 0.16665246071058562
5 0.7626127052435041 0.6258408686968122 0.14395218403881635 0.2924872146395273
5 0.7741950952419133 0.6370138091435184 0.23508516669318064 0.20615591645877274
5 0.5264928445655956 0.7196059470662439 0.30645108935390813 0.1657535483856421
5 0.4130837778883233 0.8029707187778655 0.302818106699544 0.2561602245643247
5 0.3956502825430057 0.892016102152477 0.21457267202418073 0.1880223465663967
5 0.6106582118873688 0.8007959809789746 0.26898745202099905 0.16713195781510173