5 0.6243300659634347 0.02037560025411381 0.17991013192686936 0.04075120050822762
5 0.7060595630679506 0.13199563971665268 0.3902441261359012 0.26399127943330536
5 0.5599701211735024 0.18202864789150913 0.3207663800648426 0.2960530365493543
5 0.2925471807267964 0.20935480026823122 0.30332632299274803 0.323085973409292
5 0.27071287613590117 0.2787796344549808 0.29759005334804084 0.400664941839261
5 0.5568151960282773 0.28248367419986836 0.2528468258882322 0.20950932082080848
5 0.5752784057054058 0.3425111215831499 0.22733740363849114 0.19711573663405896
5 0.84782968610348 0.40963291922054523 0.30434062779304016 0.3170025733810572
5 0.7430866439185815 0.3797395638459339 0.25747016749223023 0.34223081555913665
5 0.6238828796505579 0.39373271636383034 0.2200044007430071 0.3073251945406841
5 0.43168257113072117 0.4887476267036474 0.21585624813797324 0.21826269454068417
5 0.33835210214796785 0.5200346950347943 0.23864739288512418 0.33957625241907435
5 0.15489109284234295 0.617674076435416 0.2639341832079958 0.2802768471291678
5 0.27440522621695446 0.6271639265483555 0.23759431513486523 0.3504227471574026
5 0.6140135357702483 0.6191345347655643 0.2611345148871962 0.2536233418674959
5 0.525098739037236 0.6611315899425316 0.18493157981717356 0.18997109456891897
5 0.38569163667987116 0.6786515608621622 0.19820217535011286 0.3076136208772782
5 0.3793517454473768 0.6939048345396854 0.26680231803034926 0.24148736291418338
5 0.6343474605011887 0.6688692242563381 0.3264298751024439 0.21691156811938547
5 0.7659271002859411 0.7019407875375746 0.34136997849326606 0.30348610495108835
5 0.8181317632300573 0.7968213770565832 0.25354033870851395 0.25785581555913667
5 0.584681408391493 0.7798669084148528 0.2903468258882322 0.21169344710093263