5 0.5664914857364856 0.9268496830398923 0.1823844685684687 0.12808190990138826
5 0.6454234685729778 0.8075990767092263 0.36960629445670073 0.32650359334172735
5 0.4999162235353765 0.7305161996789837 0.30263281017246657 0.2628853782447633
5 0.2404320616247177 0.7373873571447401 0.28377580231458366 0.29378082223840885
5 0.21536359512316375 0.6722532808458463 0.27327925806277065 0.37009786038785586
5 0.4919282491759397 0.6338593879905865 0.23969185442427943 0.18528648376465034
5 0.5064852088530681 0.5727173364484589 0.21574493217453855 0.17393988068039512
5 0.7820182098865254 0.4726728774405749 0.31302665467194846 0.28492401947846524
5 0.6675169081911143 0.5176053222449994 0.23642992142117158 0.3163728425309483
5 0.5511834327982201 0.5180747008967997 0.2006722038861602 0.2860853246740408
5 0.3607446774215367 0.45036286972664186 0.20277405128112633 0.19713191882984216
5 0.2687219973139129 0.43167314529418715 0.2192424214211715 0.31607283360249455
5 0.1045344116010725 0.362920965504001 0.209068823202145 0.25072056899199796
5 0.2005413856509231 0.33684761485537795 0.21662684367091245 0.3269557865245938
5 0.5300491031859343 0.3014326716758065 0.24641704342324341 0.2291183043815014
5 0.44240570802449863 0.2725185133959759 0.17341188296032667 0.17007849512873605
5 0.30654098263160445 0.27332881128465547 0.18043247849326605 0.28729326866768645
5 0.29938345409555717 0.25940267897940716 0.2520120719592908 0.21516489853730275
5 0.5479665033097689 0.25194118628630313 0.3129838052100677 0.1834433400953163
5 0.6742957169158388 0.2044604399397511 0.32323640860089 0.2694899342511176
5 0.7175427568244255 0.11393485146599258 0.23504289578060825 0.21955238960884893
5 0.49410310277164965 0.15140144399694086 0.2786088052100677 0.1828433222384088