5 0.32421875 0.91015625 0.14296875 0.1796875
5 0.2828125 0.7453125 0.28828125 0.2484375
5 0.43359375 0.6984375 0.23671875 0.2
5 0.67109375 0.746875 0.21171875 0.2328125
5 0.7078125 0.6921875 0.18203125 0.3125
5 0.4625 0.61171875 0.19296875 0.134375
5 0.4625 0.5546875 0.17109375 0.128125
5 0.23125 0.41953125 0.2421875 0.2171875
5 0.3265625 0.478125 0.159375 0.265625
5 0.43359375 0.49765625 0.13125 0.2421875
5 0.6234375 0.4671875 0.15390625 0.1546875
5 0.7125 0.46484375 0.14140625 0.26953125
5 0.9015625 0.43125 0.19609375 0.20078125
5 0.7953125 0.38984375 0.13671875 0.28125
5 0.5 0.30546875 0.1890625 0.17578125
5 0.58828125 0.2921875 0.13125 0.134375
5 0.7125 0.31484375 0.109375 0.24921875
5 0.72109375 0.30390625 0.1984375 0.1625
5 0.4953125 0.25625 0.26640625 0.11796875
5 0.38984375 0.19296875 0.25625 0.20078125
5 0.3703125 0.09453125 0.18046875 0.1890625
5 0.56640625 0.17421875 0.23203125 0.1234375