3 0.4402103469001831 0.3269774078257813 0.02676248789975162 0.03514788981258565
5 0.353845079142594 0.5372677016367173 0.03608294574527386 0.026045674452321775
5 0.3919672478587007 0.5634975810244617 0.0470477168225127 0.03105142319868044
5 0.45237802791292997 0.5179972129194884 0.0298693071815924 0.03211381802583091
5 0.4791405158126816 0.4828493231069029 0.0376818071815924 0.03234113855894431
5 0.4816751633533535 0.4499686269469688 0.03604658430895533 0.019795674452321776
5 0.5573291483262388 0.4696386177757688 0.039198855386194255 0.024574102665567032
5 0.41663544975229466 0.6198014053184988 0.04395907825883114 0.03721049498543501
5 0.46435987744539176 0.6066960000665069 0.0392443071815924 0.03238660266556703
5 0.47642808538910997 0.6805510372135256 0.03768180718159222 0.03234113855894449
5 0.8126660881195844 0.48486148634296045 0.0392352168225127 0.03082410266556703
5 0.8013978317748727 0.2735064491959419 0.03768180718159222 0.03234113855894431
5 0.8358682805452087 0.25609998885024293 0.03610112646343282 0.029170674452321688
5 0.9173768348981305 0.3435568732525522 0.017332945745273776 0.02550010517284953