3 0.40053911580132817 0.6518475032497062 0.029726041356328815 0.034865923701106104
5 0.34161368776061896 0.44211003896352113 0.03880994292790545 0.0287795649348082
5 0.3817678068672068 0.41799070048976256 0.04840326674922295 0.03363070616851012
5 0.4350533186540311 0.46389748985702556 0.03277826674922295 0.03335797077900686
5 0.4575982526905964 0.49941225000329525 0.04059076674922295 0.03349433847375849
5 0.45606998594137327 0.5322247500032953 0.03695634449948208 0.02250229139585791
5 0.532615369315985 0.5144957333642038 0.040299668320799495 0.02724433847375849
5 0.4124035308123589 0.36359352678865653 0.04705909057054054 0.03829093262955983
5 0.4578423093484062 0.37685145738962145 0.04059076674922295 0.03349433847375849
5 0.4783774412752756 0.30467644846116776 0.03902826674922295 0.0334670649348082
5 0.7852138304408554 0.5046223068237239 0.042080492142117266 0.03195911201270896
5 0.7489723076957763 0.7128984569858796 0.04059076674922295 0.03349433847375849
5 0.7809478997140589 0.7302944626679226 0.03888271753501123 0.03034206493480802
5 0.8714873165871164 0.6467495312561786 0.018351893713693813 0.025300008928453722