3 0.453125 0.3390625 0.0234375 0.0328125
5 0.34140625 0.53671875 0.0359375 0.0234375
5 0.37578125 0.56875 0.0453125 0.0265625
5 0.44140625 0.53359375 0.028125 0.028125
5 0.4734375 0.5015625 0.0359375 0.028125
5 0.47890625 0.46953125 0.0359375 0.015625
5 0.55234375 0.5 0.0375 0.0203125
5 0.39453125 0.6296875 0.0421875 0.0328125
5 0.44375 0.6234375 0.0375 0.028125
5 0.44765625 0.69921875 0.034375 0.028125
5 0.80625 0.5546875 0.0375 0.0265625
5 0.8203125 0.33984375 0.0359375 0.028125
5 0.85625 0.328125 0.0359375 0.025
5 0.92734375 0.42890625 0.015625 0.025