3 0.503125 0.35859375 0.03125 0.0390625
5 0.34296875 0.546875 0.0421875 0.03125
5 0.3734375 0.5875 0.053125 0.0375
5 0.45078125 0.56328125 0.034375 0.0359375
5 0.490625 0.5359375 0.04375 0.0375
5 0.503125 0.50234375 0.040625 0.025
5 0.57578125 0.55078125 0.04375 0.0296875
5 0.38046875 0.65625 0.0515625 0.04375
5 0.434375 0.659375 0.0453125 0.0375
5 0.42265625 0.74140625 0.04375 0.0375
5 0.83359375 0.6609375 0.0453125 0.0359375
5 0.89296875 0.4359375 0.04375 0.0375
5 0.934375 0.43046875 0.0421875 0.034375
5 0.9890625 0.55234375 0.0203125 0.028125