3 0.53984375 0.32109375 0.0234375 0.0328125
5 0.65390625 0.51640625 0.034375 0.0234375
5 0.61953125 0.54921875 0.0453125 0.0265625
5 0.55390625 0.51484375 0.028125 0.0296875
5 0.521875 0.48359375 0.0359375 0.0296875
5 0.515625 0.45078125 0.034375 0.0171875
5 0.44296875 0.48359375 0.0375 0.021875
5 0.603125 0.60859375 0.0421875 0.0328125
5 0.55390625 0.60390625 0.0375 0.0296875
5 0.5515625 0.6796875 0.0359375 0.0296875
5 0.1921875 0.5421875 0.0375 0.0265625
5 0.17421875 0.328125 0.0359375 0.0296875
5 0.1390625 0.3171875 0.0359375 0.0265625
5 0.06953125 0.41796875 0.015625 0.025