3 0.53046875 0.32421875 0.0265625 0.034375
5 0.6578125 0.51171875 0.0359375 0.025
5 0.62578125 0.5453125 0.046875 0.0296875
5 0.55859375 0.515625 0.0296875 0.03125
5 0.5234375 0.4875 0.0375 0.03125
5 0.515625 0.45546875 0.0359375 0.01875
5 0.44609375 0.4921875 0.0390625 0.0234375
5 0.61328125 0.6078125 0.04375 0.0359375
5 0.5640625 0.60546875 0.0390625 0.03125
5 0.5671875 0.68125 0.0375 0.03125
5 0.19921875 0.56875 0.0390625 0.0296875
5 0.1671875 0.3578125 0.0375 0.03125
5 0.1296875 0.3484375 0.0375 0.028125
5 0.06796875 0.45390625 0.0171875 0.025