3 0.50703125 0.33203125 0.028125 0.0359375
5 0.63984375 0.52734375 0.0375 0.0265625
5 0.60625 0.56328125 0.0484375 0.03125
5 0.53515625 0.53125 0.03125 0.0328125
5 0.5 0.50234375 0.0390625 0.0328125
5 0.49140625 0.46875 0.0375 0.0203125
5 0.41796875 0.50703125 0.040625 0.025
5 0.59375 0.62734375 0.046875 0.0375
5 0.5421875 0.625 0.040625 0.0328125
5 0.5453125 0.7046875 0.0390625 0.0328125
5 0.16015625 0.58671875 0.040625 0.03125
5 0.12734375 0.36640625 0.0390625 0.0328125
5 0.08828125 0.35703125 0.0390625 0.0296875
5 0.0234375 0.46796875 0.01875 0.0265625