3 0.434375 0.33671875 0.028125 0.0359375
5 0.3609375 0.5484375 0.0375 0.0265625
5 0.4 0.57265625 0.046875 0.0328125
5 0.4578125 0.5265625 0.03125 0.03125
5 0.4828125 0.490625 0.0390625 0.0328125
5 0.48203125 0.4578125 0.0359375 0.0203125
5 0.55859375 0.47578125 0.0390625 0.0265625
5 0.428125 0.628125 0.0453125 0.0375
5 0.47421875 0.6140625 0.0390625 0.0328125
5 0.490625 0.6875 0.0375 0.0328125
5 0.8140625 0.48515625 0.0390625 0.03125
5 0.79140625 0.275 0.0390625 0.0328125
5 0.82421875 0.25703125 0.0375 0.0296875
5 0.91015625 0.34140625 0.01875 0.025